00000000000000000000000000000000000000000000000000000000000000000000000000000000
00000000000000000000111100001111100001111110000000000000000000000000000000000000
00000000000000000001000100010000100010000010000000000000000000000000000000000000
00000000000000000000000100000000100000000010000000000000000000110000000000000000
00000000000000000001001000010001000010000100000000000000000001010000000000000000
00000000000000000000000000000100000000110000000000000000000010000000000000000000
00000000000000000000000000000000000000000000000000000000000100000000000000000000
00000000000000000000000000000000000000000000000000000000001000000000000000000000
00000000000000000000000000000000000000000000000000000000010000000000000000000000
00000000000000000000000000000000000000000000000000000000100000000000000000000000
00000000000000000000000000000000000000000000000000000001000000000000000000000000
00000000000000000000000000000000000000000000000000000010000000000000000000000000
00000000000000000000000000000000000000000000000000000100000000000000000000000000
00000000000000000000000000000000000000000000000000001000000000000000000000000000
00000000000000100100000000000000000000000000000000010000000000000000000000000000
00000000000001000000000000000000000000000000001111100000000000000000000000000000
00000000000001000100000000000000000000000000000000100000000000000000000000000000
00000000000001111000000000000000000000000000000000100000000000000000000000000000
00000000000000000000000000000000000000000000000000100000000000000000000000000000
00000000000000000000000000000000000000000000000000100000000000000000000000000000
00000000000000000000000000000000000000000000000000000000000000000000000000000000
00000000000000000000000000000000000000000000000000000000000000000000000000000000
00000000000000000000000000000000000000000000000000000000000000000000000000000000
00000000000000000000000000000000000000000000000000000000000000000000000000000000
00000000000000000000000000000000000000000000000000000000000000000000000000000000