00000000000000000000000000000000000000000000000000000000000000000000000000000000
00001100000000000000000000000000000000000000000000000000000000000000000000000000
00010010000000000000000000000000011000000000000000000000000000000000000000000000
00100001000000000000000000000001000010000000000000000000000000000000000000000000
01000000100000000000000000000010000001000000000000000000000000000000000000000000
01000000100000000000000000000100000000100000000000000000000000000000000000000000
00100001000000000000000000000100000000100000000000000000000000000000000000000000
00010010000000000000000000000100000000100000000000000000011000000000000000000000
00001100000000000000000000000010000001000000000000000000011000000000000000000000
00000000000000000000000000000001000010000000000000000000000000000000000000000000
00000000000000000000000000000000011000000000000000000001111000000000000000000000
00000000000000111100000000000000000000000000000000011010000100000000000000000000
00000000000000100100000000000000000000000000000000011011000100000000000000000000
00000000000011100111000000000000000000000000000000000010110101100000000000000000
00000000000010000001000000000000000000000000000000000010000101100000000000000000
00000000000010000001000000000000000000000000000000000001111000000000000000000000
00000000000011100111000000000000000000000000000000000000000000000000000000000000
00000000000000100100000000000000000000000000000000000001100000000000000000000000
00000000000000111100000000000000000000000000000000000001100000000000000000000000
00000000000000000000000000000000000000000000000000000000000000000000000000000000
00000000000000000000000000000000000000000000000000000000000000000000000000000000
00000000000000000000000000000000000000000000000000000000000000000000000000000000
00000000000000000000000000000000000000000000000000000000000000000000000000000000
00000000000000000000000000000000000000000000000000000000000000000000000000000000
00000000000000000000000000000000000000000000000000000000000000000000000000000000