00000000000000000000000000000000000000000000000000000000000000000000000000000000
00000000000000000000000000000000000000000000000000000000000000000000000000000000
00000000001000000000000000000000000000000000000010000000000000000000000000000000
00000000010000000000000000000000000000000000000100000000000000000000000000000000
00000000010000000000001000010000000000000000000100000000000000010000100000000000
00000000010000000000000111100000000000000000000100000000000000001111000000000000
00000000010000000000000000000000000000000000000100000000000000000000000000000000
00000000001000000000000000000000000000000000000010000000000000000000000000000000
00000000000000000000000000000000000000000000000000000000000000000000000000000000
00000000000000000000000000000000000000000000000000000000000000000000000000000000
00000000000000000000000000000000000000000000000000000000000000000000000000000000
00000000000000000000000000000000000000000000000000000000000000000000000000000000
00000000000000000000000000100000000000000000000000000000000000000000000010000000
00000000000000000000000001000000000000000000000000000000000000000000000100000000
10000100000000000000000001000000000000000001000010000000000000000000000100000000
01111000000000000000000001000000000000000000111100000000000000000000000100000000
00000000000000000000000001000000000000000000000000000000000000000000000100000000
00000000000000000000000000100000000000000000000000000000000000000000000010000000
00000000000000000000000000000000000000000000000000000000000000000000000000000000
00000000000000000000000000000000000000000000000000000000000000000000000000000000
00000000000000000000000000000000000000000000000000000000000000000000000000000000
00000000000000000000000000000000000000000000000000000000000000000000000000000000
00000000000000000000000000000000000000000000000000000000000000000000000000000000
00000000000000000000000000000000000000000000000000000000000000000000000000000000
00000000000000000000000000000000000000000000000000000000000000000000000000000000