00000000000000000000000000000000000000000000000000000000000000000000000000000000
00000000000000000000000000000000000000000000000000000000000000000000000000000000
00000000000000000000000000000000000000000000000000000000000000000000000000000000
00000000000000000000000000000000000000000000000000000000000000000000000000000000
00000000000000000000000000000000000000000000000000000000000000000000000000000000
00000000000000000000000000000011011011000000000000000000000000000000000000000000
00000000000000000000000000000111000001100000000000000000000000000000000000000000
00000000000000000000000000001001000100110000000000000000000000000000000000000000
00000000000000000000000000001111100101010000000000000000000000000000000000000000
00000000000000000000000000000100011100000000000000000000000000000000000000000000
00000000000000000000000000000011010010000000000000000000000000000000000000000000
00000000000000000000000000000010001100010000000000000000000000000000000000000000
00000000000000000000000000000111000111010000000000000000000000000000000000000000
00000000000000000000000000000001110100011000000000000000000000000000000000000000
00000000000000000000000000001000010100111000000000000000000000000000000000000000
00000000000000000000000000001000010100110000000000000000000000000000000000000000
00000000000000000000000000000110111111100000000000000000000000000000000000000000
00000000000000000000000000000001000011000000000000000000000000000000000000000000
00000000000000000000000000000000000000000000000000000000000000000000000000000000
00000000000000000000000000000000000000000000000000000000000000000000000000000000
00000000000000000000000000000000000000000000000000000000000000000000000000000000
00000000000000000000000000000000000000000000000000000000000000000000000000000000
00000000000000000000000000000000000000000000000000000000000000000000000000000000
00000000000000000000000000000000000000000000000000000000000000000000000000000000
00000000000000000000000000000000000000000000000000000000000000000000000000000000