00000000000000000000000000000000000000000000000000000000000000000000000000000000
00000000000000000000000000000000000000110000000000000000000000011000000000000000
00000110111111000000000000000000000001001000000000000000000000010000000000000000
00000110111111000000000000000000000000100100000000000000000001010000000000000000
00000110000000000000000000000000000000011000000000000000001011100000000000000000
00000110000011000000000001101000000000000000000000000000001110000000000000000000
00000110000011000000000001011000000000000000000000000000010100000000000011000000
00000110000011000000000000000000000000000000000000000000010100000000000010100000
00000000000011000000000000000000000000000000000000000000111000000000000001010000
00000111111011000000000000000000000000000000000000000011101000000000000000101000
00000111111011000000000000000000000000000000000000000101000000000000000000010100
00000000000000000000000000000000000000000000000000000100000000000000000000001010
00000000000000000000000000000000000000000000000000001100000000000000000000000100
00000000000000000000000000010000001000000000000000000000000000000000000000000000
00000000000000000000000000110000001100000000000000000000000000000000000000000000
00000000000000000000000001110000001110000000000000000000000000000000010000000000
00000000000000000000000000110000001100000000000000000000000000000000010000000000
00000000000000000000000000010000001000000000000000000000000000000001111100000000
00000000000000000000000000000000000000000000000000000000000000000000010000000000
00000000000000000000000000000000000000000000000000000000000000000000010000000000
00000000000000000000000000000000000000000000000000000000000000000000000000000000
00000000000000000000000000000000000000000000000000000000000000000000000000000000
00000000000000000000000000000000000000000000000000000000000000000000000000000000
00000000000000000000000000000000000000000000000000000000000000000000000000000000
00000000000000000000000000000000000000000000000000000000000000000000000000000000