00000000000000000000000000000000000000000000000000000000000000000000000000100000
00000000000110000000000000110000000001100000000000000011000000000000000000001000
00000000001001000000000000110000000001010000000000000100100000000000000000111000
00000000000110000000000000000000000000100000000000000100100000000000000000000000
00000000001000000000000000000000000000110000000000001001000000000000000000000000
00000000000100000000000000000000000000000000000000000110000000000000010000000000
00000000011100000000001100000000000000000000000000000000000000000000101000000000
00000000000000000000001000000000000000000000000000000000000000000001001000000000
00000000000000000000010000000000000000011100000000000110000000000000110000000000
00000000000000000010100000000000000000000000000000001001000000000000000000000000
00000000000000000011000000000000000000000000000000001001000000000000000000000000
00000000000000000000000000000000000000000000000000000110000000000000000000000000
00000010000000000000011000000000000000000000000000000000000000011010000000000000
00000101101000000000010010000000000000000000000000000000000000010110000000000000
00000011111000000000011000000000000000000000000000000000000000000000000000000000
00000011111000000000000000000000000000000000001100000000000000000000000000000000
00000011111010000000000000000000000000000000001010000000000000000000000000000000
00000101101000000000000000000000000001000000000110000000000000000000001111000000
00000010000000000000000000000000000000100000000000000000000000000000000000000000
00000000000000000000000000000000000001110000000000000000000000000000000000000000
00000000000000000000000000000000000000000000000000000000000000000000000000000000
00000000000000000000000000000000000000000000000000000000000000000000000000000000
00000000000000000000000000000000000000000000000000000000000000000000000000000000
00000000000000000000000000000000000000000000000000000000000000000000000000000000
00000000000000000000000000000000000000000000000000000000000000000000000000000000